08
0E
CC
02
B3
0E
AA
02
B4
00
A1
02
B0
02
D0
01
A2
0E
77
03
D1
15
03
B1
0E
01
02
B2
00
A0
02
C0
08
00
A0
0F
01
D4
96
63
08
00
1C
0F
04
04
0B
02
90
08
00
1C
0F
02
04
0B
02
90
08
00
1C
0F
03
04
0B
02
90
08
00
1C
0F
05
04
0B
02
90
08
08
00
A2
0F
28
B6
75
0F
50
B6
5A
07
6F
00
1C
0F
06
04
0B
02
90
08
00
A1
0F
35
B6
8A
0F
6A
B6
4E
07
7E
00
1C
0B
02
90
08
00
1C
0F
01
04
0B
02
90
08
00
A2
0F
28
B6
44
0F
50
B6
3B
07
3B
00
A2
0F
28
B6
29
0F
50
B6
32
07
32
00
00
00
00
00
00
00
00
00
00
00
00
00
00
00
00
00
00
00
00
00
00
00
00
00
00
00
00
00
00
00
00
00
00
00
00
00
00
00
00
00
00
00
00
00
00
00
00
00
00
00
00
00
00
00
00
00
00
00
00
00
00
00
00
00
00
00
00
00
00
00
00
00
00
00
00
00
00
00
00
00
00
00
00
00
00
00
00
00
00
00
00
00
00
00
00
00
00
00
00
00
00
00
00
21
01
